+---------+-----------------+
| (index) |   Words count   |
+---------+-----------------+
|    0    |       251       |
|    1    |       281       |
|    2    |       331       |
|    3    |       368       |
|    4    |       301       |
|    5    |       339       |
|    6    |       416       |
|    7    |       280       |
|    8    |       291       |
|    9    |       314       |
|   10    |       330       |
|   11    |       360       |
|   12    |       253       |
|   13    |       249       |
|   14    |       377       |
|   15    |       354       |
|   16    |       331       |
|   17    |       429       |
|   18    |       432       |
|   19    |       211       |
|   20    |       372       |
|   21    |       361       |
|   22    |       435       |
|   23    |       349       |
|   24    |       369       |
|   25    |       189       |
|   26    |       308       |
|   27    |       442       |
|   28    |       477       |
|   29    |       295       |
|   30    |       434       |
|   31    |       308       |
|   32    |       349       |
|   33    |       355       |
|   34    |       329       |
|   35    |       386       |
|   36    |       405       |
|   37    |       269       |
|   38    |       304       |
|   39    |       363       |
|   40    |       199       |
|   41    |       231       |
|   42    |       379       |
|   43    |       326       |
|   44    |       344       |
|   45    |       251       |
|   46    |       360       |
|   47    |       278       |
|   48    |       291       |
|   49    |       304       |
|   50    |       320       |
|   51    |       334       |
|   52    |       412       |
|   53    |       315       |
|   54    |       299       |
|   55    |       414       |
|   56    |       326       |
|   57    |       271       |
|   58    |       322       |
|   59    |       402       |
|   60    |       324       |
|   61    |       354       |
|   62    |       359       |
|   63    |       339       |
|   64    |       265       |
|   65    |       377       |
|   66    |       447       |
|   67    |       400       |
|   68    |       349       |
|   69    |       431       |
|   70    |       279       |
|   71    |       402       |
|   72    |       345       |
|   73    |       210       |
|   74    |       363       |
|   75    |       365       |
|   76    |       293       |
|   77    |       312       |
|   78    |       449       |
|   79    |       412       |
|   80    |       370       |
|   81    |       343       |
|   82    |       231       |
|   83    |       370       |
|   84    |       338       |
|   85    |       255       |
|   86    |       368       |
|   87    |       366       |
|   88    |       344       |
|   89    |       406       |
|   90    |       318       |
|   91    |       272       |
|   92    |       334       |
|   93    |       357       |
|   94    |       228       |
|   95    |       372       |
|   96    |       219       |
|   97    |       220       |
|   98    |       388       |
|   99    |       340       |
+---------+-----------------+
+---------+-------------------+
| (index) |    Time spent     |
+---------+-------------------+
|    0    |      '9.75s'      |
|    1    |     '10.12s'      |
|    2    |     '12.51s'      |
|    3    |     '13.69s'      |
|    4    |     '10.75s'      |
|    5    |     '12.61s'      |
|    6    |     '14.91s'      |
|    7    |     '10.42s'      |
|    8    |     '10.41s'      |
|    9    |     '11.20s'      |
|   10    |     '11.81s'      |
|   11    |     '12.86s'      |
|   12    |      '9.40s'      |
|   13    |      '9.48s'      |
|   14    |     '14.68s'      |
|   15    |     '12.46s'      |
|   16    |     '11.27s'      |
|   17    |     '15.50s'      |
|   18    |     '14.36s'      |
|   19    |      '7.46s'      |
|   20    |     '12.10s'      |
|   21    |     '13.00s'      |
|   22    |     '16.13s'      |
|   23    |     '12.92s'      |
|   24    |     '13.85s'      |
|   25    |      '6.80s'      |
|   26    |     '11.46s'      |
|   27    |     '15.62s'      |
|   28    |     '17.12s'      |
|   29    |     '10.79s'      |
|   30    |     '16.64s'      |
|   31    |     '12.40s'      |
|   32    |     '12.84s'      |
|   33    |     '12.73s'      |
|   34    |     '11.61s'      |
|   35    |     '14.53s'      |
|   36    |     '14.07s'      |
|   37    |      '9.71s'      |
|   38    |     '11.20s'      |
|   39    |     '13.29s'      |
|   40    |      '7.35s'      |
|   41    |      '8.30s'      |
|   42    |     '13.30s'      |
|   43    |     '12.77s'      |
|   44    |     '12.63s'      |
|   45    |      '9.79s'      |
|   46    |     '13.39s'      |
|   47    |      '9.68s'      |
|   48    |     '11.81s'      |
|   49    |     '11.12s'      |
|   50    |     '11.21s'      |
|   51    |     '12.34s'      |
|   52    |     '15.15s'      |
|   53    |     '10.96s'      |
|   54    |     '10.68s'      |
|   55    |     '14.41s'      |
|   56    |     '12.37s'      |
|   57    |      '9.49s'      |
|   58    |     '12.25s'      |
|   59    |     '14.93s'      |
|   60    |     '12.37s'      |
|   61    |     '12.91s'      |
|   62    |     '12.87s'      |
|   63    |     '12.33s'      |
|   64    |      '9.56s'      |
|   65    |     '13.44s'      |
|   66    |     '16.69s'      |
|   67    |     '15.04s'      |
|   68    |     '12.54s'      |
|   69    |     '15.18s'      |
|   70    |     '10.92s'      |
|   71    |     '14.53s'      |
|   72    |     '13.52s'      |
|   73    |      '7.71s'      |
|   74    |     '13.43s'      |
|   75    |     '13.19s'      |
|   76    |      '9.95s'      |
|   77    |     '11.46s'      |
|   78    |     '16.69s'      |
|   79    |     '14.26s'      |
|   80    |     '13.19s'      |
|   81    |     '12.47s'      |
|   82    |      '8.05s'      |
|   83    |     '14.23s'      |
|   84    |     '11.16s'      |
|   85    |      '9.17s'      |
|   86    |     '13.20s'      |
|   87    |     '12.22s'      |
|   88    |     '12.23s'      |
|   89    |     '13.81s'      |
|   90    |     '10.88s'      |
|   91    |      '9.63s'      |
|   92    |     '12.75s'      |
|   93    |     '13.57s'      |
|   94    |      '9.03s'      |
|   95    |     '11.97s'      |
|   96    |      '7.73s'      |
|   97    |      '8.49s'      |
|   98    |     '14.60s'      |
|   99    |     '13.26s'      |
+---------+-------------------+
Time spent processing 33489 words: 1237.35s
Average time spent per word: 0.04s
Done in 1239.44s.